%YAML:1.0 
---
## 0 1 2 3 前后左右 
RotateVec0: !!opencv-matrix
   rows: 3
   cols: 1
   dt: d
   data: [ -9.1251517000123628e-01, -9.5690293383188652e-01,
       -1.3550341795042788e+00 ]
RotateMatrix0: !!opencv-matrix
   rows: 3
   cols: 3
   dt: d
   data: [ -1.0988702136596140e-02, 9.9962473482019587e-01,
       -2.5092587770221886e-02, -3.5801575619600867e-01,
       1.9497418847219505e-02, 9.3351195438178303e-01,
       9.3365088054408929e-01, 1.9241626593123895e-02,
       3.5766715402074251e-01 ]
TVec0: !!opencv-matrix
   rows: 3
   cols: 1
   dt: d
   data: [ 8.1992018704403939e+00, 1.7191274079706957e+02,
       -3.1441961827338935e+02 ]

RotateVec1: !!opencv-matrix
   rows: 3
   cols: 1
   dt: d
   data: [ -7.4930353696343366e-01, 7.7673988266114902e-01,
       1.4318887724122653e+00 ]
R1: !!opencv-matrix
   rows: 3
   cols: 3
   dt: d
   data: [ -7.3159651455555474e-03, -9.9985687237244791e-01,
       1.5254881958757294e-02, 5.5799280813314667e-01,
       8.5774949669502887e-03, 8.2980145375371417e-01,
       -8.2981353491352161e-01, 1.4582912935300174e-02,
       5.5785019129211300e-01 ]
tvec1: !!opencv-matrix
   rows: 3
   cols: 1
   dt: d
   data: [ -8.1315186220891089e+00, 1.0483321048430560e+02,
       -2.7230357302099993e+01 ]

Rvec2: !!opencv-matrix
   rows: 3
   cols: 1
   dt: d
   data: [ 1.3130593718208028e-01, 6.1774629908402709e-05,
       -1.4053873754818524e-01 ]
R2: !!opencv-matrix
   rows: 3
   cols: 3
   dt: d
   data: [ 9.9015483561380735e-01, 1.3967790470001368e-01,
       -9.1369825001535628e-03, -1.3966981829845759e-01,
       9.8156075499112150e-01, -1.3050220732897772e-01,
       -9.2597714372469331e-03, 1.3049355233065557e-01,
       9.9140591557295865e-01 ]
tvec2: !!opencv-matrix
   rows: 3
   cols: 1
   dt: d
   data: [ -1.5780271578306301e+02, 2.3937311791709769e+02,
       1.6214077766858910e+02 ]
Rvec3: !!opencv-matrix
   rows: 3
   cols: 1
   dt: d
   data: [ 8.4160159429535863e-02, 1.0074455196678327e+00,
       2.9003621233141255e+00 ]
R3: !!opencv-matrix
   rows: 3
   cols: 3
   dt: d
   data: [ -9.9604500458021439e-01, -4.8177875478378228e-02,
       7.4654143657204144e-02, 8.4082697254435318e-02,
       -7.8264403114771153e-01, 6.1676447735847983e-01,
       2.8713217744090729e-02, 6.2060229843535841e-01,
       7.8359960330740963e-01 ]
tvec3: !!opencv-matrix
   rows: 3
   cols: 1
   dt: d
   data: [ 2.0909094891822340e+02, 1.2620264448545659e+02,
       1.9278864362257909e+01 ]
