%YAML:1.0
---
Rvec0: !!opencv-matrix
   rows: 3
   cols: 1
   dt: d
   data: [ 8.4795547441718073e-04, -3.8850540703265284e-04,
       -1.3167829650912868e+00 ]
R0: !!opencv-matrix
   rows: 3
   cols: 3
   dt: d
   data: [ 2.5129054308979359e-01, 9.6791139758282807e-01,
       -7.6771276742200445e-04, -9.6791168208461154e-01,
       2.5129029778638540e-01, -4.0239603337476212e-04,
       -1.9656493710566676e-04, 8.4419647383718712e-04,
       9.9999962434719891e-01 ]
tvec0: !!opencv-matrix
   rows: 3
   cols: 1
   dt: d
   data: [ 9.0136389525589792e+01, 6.2279015685788363e+02,
       1.1670902303764219e+00 ]
