%YAML:1.0
---
cameraMatrix0: !!opencv-matrix
   rows: 3
   cols: 3
   dt: d
   data: [ 6.2566545543943880e+02, 0., 1.2863504266467542e+03, 0.,
       4.8849079497636001e+02, 7.2101843078856098e+02, 0., 0., 2. ]
distCoeffs0: !!opencv-matrix
   rows: 4
   cols: 1
   dt: d
   data: [ 1.1144700000000000e-01, -1.1682700000000001e-02,
       -9.8967499999999993e-03, 1.6664500000000001e-03 ]
