%YAML:1.0
---
rotateVec0: !!opencv-matrix
   rows: 3
   cols: 1
   dt: d
   data: [ -9.7213008213504060e-01, -1.0282215594776229e+00,
       -1.3291279279243182e+00 ]
rotateMatrix0: !!opencv-matrix
   rows: 3
   cols: 3
   dt: d
   data: [ -2.0581762126570313e-02, 9.9943136920123599e-01,
       -2.6708225779862482e-02, -2.7690819499980179e-01,
       1.9970391451288982e-02, 9.6068883360182444e-01,
       9.6067593006680307e-01, 2.7168395643194010e-02,
       2.7633971062526991e-01 ]
tVec0: !!opencv-matrix
   rows: 3
   cols: 1
   dt: d
   data: [ 1.1734070587153191e+01, 1.3676440885728778e+02,
       -3.0583146744092124e+02 ]

